mean_val,variance_val,skewness_val,kurtosis_val,approx_coeff_mean,horiz_coeff_mean,vert_coeff_mean,depth_coeff_mean,dominant_frequency_magnitude,total_energy,lbp_uniformity,porosity
0.2412645130974712,0.0054061654453653124,1.913312156326329,9.206563685360058,0.6823990930835697,-0.00013717024790302958,0.00031122953466257186,0.00022272623851228807,505968.35617138766,279780544522.21606,0.00026906876155408094,0.5626358985900879
0.14108881164215195,0.007672755990099667,0.27032648823823324,1.0969644417194182,0.3990594218468689,-0.0018487164968140903,-0.000915090017689704,-0.0005343089927502109,295884.6835129624,121292883650.37605,0.0002959501794066455,0.3982787132263184
0.13195843405996996,0.0026940399241905336,1.903703235855944,9.618055228679527,0.3732348142342505,0.00011863629039709323,-6.464848281512989e-05,0.0006006449287837467,276736.89390573406,88431821337.95453,0.0003234365995012922,0.5433697700500488
0.12336235666341772,0.0031455661660362315,2.3385694156903427,10.344421733551238,0.3489214357594248,-6.180077901715105e-05,-7.972569592720758e-05,4.092578281201874e-05,258709.6130014,80765010161.31659,0.0003118483323305554,0.5737814903259277
0.078068037862718,0.001144832208579418,3.0470663028891476,21.189474015785954,0.22080975586662413,0.000103348075141705,-0.00024478181756176727,-0.0001082464590793561,163720.54173987475,31839441088.340267,0.00027148100480189896,0.5940542221069336
0.15569618554385356,0.0049152196232185455,2.633728821941423,12.926450623242788,0.4403753144117509,-0.00011505513107996978,-0.00011155414146529344,-0.00021497838572004287,326518.5669056634,128231739049.3345,0.0003560345253390551,0.5734519958496094
0.14199273046843738,0.003811408502596397,2.8170099124577272,13.946454050558756,0.4016160903737029,-0.00010175376725840312,4.493827478889605e-05,-0.00020845394748388689,297780.3386873442,105435881975.98569,0.0002919069042945921,0.5845685005187988
0.11423309226349423,0.003323069445286613,1.4096734351220293,8.032387321896332,0.3230999767017014,0.0003595011458185856,-0.00018453842078271964,0.0009786627017454906,239564.15790657143,72005999733.4838,0.0003832063412119169,0.4957866668701172
0.15784839950540475,0.004758963904052932,1.3204026729455343,8.041388710621828,0.44646269475885986,0.0005925510423687259,-0.00014766436672447803,-0.001186052175599448,331032.08671955846,130512387032.5951,0.00032529565032746177,0.501096248626709
0.18613111497110088,0.0067718092100074205,2.063169433666886,9.6699380613869,0.526458294343514,-0.00018865975877300017,-1.403909798924554e-05,0.0002898278349573929,390345.2400238745,182152138279.231,0.0003662609806269757,0.5513625144958496
0.13113777568591675,0.008462614061563893,0.9124588802301024,3.5804459004373674,0.37091364182892805,0.0009154934114861072,-5.963676219320718e-06,-0.0018432970851942133,275015.8485552715,112852687204.85667,0.0003774922251977841,0.4376192092895508
0.21451265324828428,0.005672441446001109,2.3824010820939887,9.891668389646986,0.6067334070487218,0.0006628503732707832,6.56143701574027e-05,0.0003292800782165575,449865.6397849462,227326755170.14603,0.0003019392893293116,0.5875735282897949
0.14702953201978103,0.010469938305955264,0.7460745218170252,2.858827002686234,0.4158623165034877,0.0020583684012286945,-5.1434887031444325e-05,-0.0005617682309980201,308343.27713434806,141122852191.93015,0.00026500460944589577,0.41140174865722656
0.1463243729805932,0.009497629817693087,0.8212904834498896,2.8003028910905607,0.4138678255497882,0.0019419280159969755,-0.0006168778296893848,2.143438359197877e-06,306864.45144499687,135936809244.10118,0.00023981180765986207,0.43576145172119135
0.17516118317676743,0.008993919463640572,1.0983660009948426,4.968414874335259,0.492267010472186,0.001699339952094215,0.00021762526404615307,0.00023477841427382227,347250.7398453471,155930650422.6761,0.000332818093252469,0.4918873684465392
0.17994784017682186,0.012605682902332991,-0.016050653021469435,0.1663599183286002,0.5089693521956153,-0.0023906454345581874,0.0007510632943232877,-0.0014667433845308856,377377.9729225023,197854514155.7859,0.0006096002734921058,0.37846851348876953
0.16462890949602843,0.004100892136448008,0.5117247494241716,6.628671761805835,0.4656408731359525,-0.0009682100784307388,0.0008637643714688377,-0.0004477286484105872,345251.846807415,137234752077.04977,0.00028435702915885486,0.4813508987426758
0.19743154330771087,0.009350262995292546,0.6482457492161451,4.00448502511573,0.558420732372032,-0.0009217019155303556,-0.0013314955275699255,-0.0005825882417238005,414043.9559108527,212555288970.6596,0.0002471560578669596,0.4424781799316406
0.20881965689253087,0.016855934820561323,0.34276032875406226,1.4911884832434508,0.5906311817350272,-0.0025976629142193,0.001776833996631154,-0.0010652584180279123,437926.56109148497,265912858238.38028,0.00029693540864172974,0.40807580947875977
0.22418090699257856,0.005244406034860788,1.567698640624693,7.652027540747376,0.6340793581880124,-0.0006797890510528322,-0.0005767509411369016,0.0001962465830685681,470141.43746130023,244098112882.61,0.00024665279670443846,0.5507745742797852
0.2379364501144266,0.007887813874521877,1.590160455043328,8.805697843157631,0.6729859094694627,-0.0008318094810916899,-0.0004967671458347865,-0.0009891638965550576,498988.90223036974,283680896840.14813,0.00029901272091592546,0.5293807983398438
0.14430164483498176,0.009582294962665036,0.8212486865769912,3.46538836966224,0.40814668639675344,-0.0007771522521353732,-0.0007487065020397763,-0.0018890565133334648,302622.48306897166,133723746187.74847,0.0004074523740200675,0.4447641372680664
0.1794447105115482,0.010047185483587068,0.6591277160963445,3.6928581035123056,0.5075462866030909,-0.0005708655161879012,-0.0009137705444403104,-0.001567384944511235,376322.83353871433,185806864105.1116,0.0003516703022796719,0.4571843147277832
0.22218459134497795,0.007305780102848359,1.5795710688214724,8.331647619298264,0.6284329248607835,-0.0001321733863855224,-5.316215234079017e-05,-0.0005027383902843916,465954.86010830326,249245092350.77377,0.0003177728849550476,0.5279955863952637
0.1985032886101472,0.006438959765025645,2.1342589888634462,11.107648003824211,0.5614520858562619,-0.0004541006564659928,-0.0005054295019458091,0.0002254352940115156,416291.5687153474,201617514713.195,0.0003063787203245738,0.5373568534851073
0.1928351366019652,0.006720972058978782,2.26212779554853,11.240538932559172,0.5454201309691353,0.0003445740274432553,0.00018610328421738912,-0.0006202268076629797,404404.5923950846,193102222065.45377,0.0003005342600772565,0.5613522529602051
0.22249208231767023,0.009962727209324129,0.4944940514146242,3.7513190494427056,0.6293026406685608,-0.0012883864501715397,0.0017126104962361223,0.0001391427627368955,466599.7154166667,261531832070.9633,0.0002979886758112116,0.45249271392822266
0.23274313215253709,0.007670683226323694,1.7296954750857703,8.054504294715137,0.6582969880786229,-0.0004074906490511974,0.00016629349115426036,-0.00047034103604254714,488097.72507995734,271975410829.5465,0.0003256743925703631,0.5297646522521973
0.22938615795992728,0.005527945957427254,1.921397681923109,10.818041454037783,0.6488020312151731,0.00040602058450111986,-0.00010440849403195968,-0.0002007028351505592,481057.63993797766,255728616374.33124,0.00031442953513760585,0.5332412719726562
0.2524008220116766,0.006587638137394376,2.3547275201086038,9.94734910246321,0.7138973312860619,-0.0002243384472069511,-0.00025211612992138543,-1.1769029449864568e-05,529322.8886834319,309155459410.75574,0.00027748669435823103,0.5893154144287108
0.2492296529924291,0.006750062627283665,2.198908828747201,11.269177724921699,0.7049279108148668,-0.00014261744080655992,-0.00030971602360232184,-0.00031085840208320084,522672.46523237845,302873595299.75073,0.0002971606700157281,0.540036678314209
0.2040045526695032,0.008337804543210129,2.05175650679879,9.16708587974461,0.5770120103421361,-0.00013112569144553915,-0.000343738320700829,-0.0012816656115823208,427828.5556399544,219707325202.5018,0.00030403889513763716,0.5626745223999025
0.22443513530655787,0.007221363186175562,2.332220515933211,10.494648038669496,0.6347984244471497,-0.0001227803776259327,0.0009347966028852704,3.5344280967972506e-05,470674.59287841857,253294463547.63956,0.00025346201982756606,0.5575056076049805
0.24872626482706175,0.008279937222071017,1.935011491685228,9.217785656360192,0.7035041140736664,7.135324581829769e-05,5.386697618124033e-05,-0.00047153478781102574,521616.7837346025,308499618085.3208,0.0002911145711550489,0.5355110168457031
0.18059825867749052,0.004741484229011777,2.2703714519482534,10.906253685638092,0.5108090135253434,0.00018416237577809864,-4.112358606048845e-05,-4.636807960233305e-05,378741.9993820167,164298770266.74753,0.00029471624657162465,0.5623102188110352
0.2276555234689038,0.006838580570134965,2.677052977926731,11.659321703941064,0.6439070576777406,0.00021822343948104704,0.000538010924298677,-0.00021512567444760737,477428.23635385855,258014116285.34155,0.00028916520295751974,0.5973105430603027
0.12315357789810884,0.002514082807254896,2.0782592271632074,9.742181477324598,0.348330920236554,-5.64716203908485e-05,1.1429866486097876e-05,-0.0004978733409773465,258271.77219617477,77761361432.42668,0.00025286888967457344,0.5472798347473145
0.1873755427403171,0.0049883958795007444,1.932665542779059,9.170695197345886,0.529978067600752,-0.0001636843399557932,-0.00015318997969947115,-0.0001997468120092453,392954.99420894135,176352824567.59296,0.00027634351135930046,0.5398583412170409
0.1423010373491869,0.004223225235538775,2.2985546695461654,9.181119813405164,0.4024881139179608,0.00021370256096431685,0.0003886305643697826,-0.0001529834386836215,298426.90507892193,107632558687.7516,0.00028430230031517567,0.5788416862487793
0.1493191071271437,0.0036784475014659175,1.8490273682698484,8.85635051889904,0.4223382128412952,7.845298853594662e-05,1.1099545021781128e-05,-0.00011765284825650051,313144.86414990353,114237689143.56288,0.0002451609866511717,0.5498499870300293
0.30892263012561527,0.012969324848076476,-0.26314398746941475,1.8157342173152615,0.8737651464952254,-0.0009200937754983323,-0.0018993917261775249,-0.0008773139891181784,647857.7116131948,476759308396.1422,0.0005108977793497615,0.4529848098754882
0.22112862988640977,0.006971482119595678,1.16672217999508,5.138570506568824,0.6254462148286822,-0.00027128281890373174,0.00015850195789806872,0.0008025360224896106,463740.34842354374,245716013369.30157,0.0003451144971222675,0.517183780670166
0.23320054931756412,0.007326926210246656,1.4034861715343363,6.732757361576438,0.6595907591955102,-9.80818538524386e-05,-0.00045438362851250207,0.00011096748435120945,489056.99840242823,271400909942.4847,0.0005345161389413988,0.510798454284668
0.2556527162608847,0.007630514903195538,1.0649238868228967,4.282154025972323,0.7230950771873278,-0.0001776970186591942,0.0002472193275664767,-0.0003396680385973197,536142.6052119469,321008252571.37946,0.0007951672478156979,0.5113272666931152
0.18558262173723752,0.006186410918152268,1.1926618191457115,5.0133453006298865,0.5249069212031148,-0.00013748275535777746,5.95636603738501e-05,0.00011615147288898695,389194.9663414912,178680844780.3897,0.0004106012529518921,0.5110549926757812
0.1826969114344709,0.007110273712477442,1.0720220152467634,4.791645994638377,0.5167448999086102,-7.964368509707833e-05,-0.00011042279170569899,0.0003815831621789916,383143.1932086237,178070020996.25665,0.0003289451492491935,0.49181509017944336
0.18686637739158357,0.007199979989856723,1.807285775320952,8.172727861157949,0.5285379305174129,0.0004615370115141981,0.00013889603089888009,-0.0005176645743410256,391887.197079514,185241422109.24576,0.0003637062841335137,0.5150604248046875
0.1733922492933775,0.0063989911189195016,0.5996203800715536,3.5693501234644103,0.4904273411221425,-0.001007704364957479,-0.0001302618410125125,-0.0006069043994313116,363629.9023901053,160369766477.38663,0.0003550780056684744,0.4622735977172852
0.1616501531218735,0.006009724989554788,1.2490676471327566,5.227928843283397,0.457215677809282,-0.0001505468123970112,0.00022136440516086947,-0.00029853181294663806,339004.9419198432,141355400669.08224,0.0003623845332185738,0.5101180076599121
0.2331362000926527,0.006952004762582784,0.8148944122813196,6.448398323192331,0.659408752102314,0.0006690521889174538,0.00033564502813304014,0.0004795379198895576,488922.0482967068,269620009601.9026,0.00035221103144067456,0.46599626541137695
0.17607619591600096,0.005902906839768228,1.035168073964543,4.646470632884644,0.49801868855094145,0.0004455629477258832,-0.0002130349437256009,-0.00037691086310316494,369258.5464176332,162313132934.4781,0.00032926229141594376,0.5020389556884766
0.13924042754894728,0.007409423267769833,1.0935693826482569,4.444354318663392,0.3938314021406991,0.0016740784453361424,0.0006209009499609941,-0.0007577517532176331,292008.3411151299,117855859432.918,0.0003538394271345169,0.4891719818115234
0.19225152902122183,0.007866293967912092,1.3255923027356167,5.304111911017984,0.543769439457553,0.0003422124962557271,0.00019333314211741453,-1.9158834160380007e-05,403180.6785899132,197150986329.11703,0.0004509152463469945,0.5156130790710449
0.1885340155796379,0.007829095249420716,0.7412028255439335,3.387751406635637,0.5332547236027688,-0.001049879021344488,6.027105811211802e-05,-0.0004808421352677809,395384.4878408689,190761618272.00183,0.000407567671572906,0.4831132888793945
0.15526271377519682,0.005350766082894517,1.508746697875013,6.752655294287557,0.4391492711034704,0.00027663357719968045,-0.00020395294986898964,0.00022417825393295472,325609.51071908127,129554471573.32736,0.0002911095980380196,0.5117359161376953
0.21361495690024915,0.007464574263996338,1.3656773013682149,5.0870850982574565,0.6041943383481534,-0.0001130011010048136,0.00043804722294303697,0.0002699915141241653,447983.03409327136,233518343634.05884,0.0004967035706613387,0.5236334800720215
0.2212233196156064,0.01424875708675454,-0.11442188379193192,0.7656957106863648,0.6257140378271769,-0.002693604548060714,0.0007135080159845102,-0.001522709483049352,463938.9271785081,277906024544.5144,0.0004310229342081584,0.4008302688598633
0.17653265124982315,0.005602821959023622,0.947670135378741,4.055827829273495,0.4993097391983592,-0.0003864952224024689,0.00017001997121943917,2.360117886636428e-05,370215.80263386894,161701212089.06055,0.00039332716733042616,0.5045990943908691
0.12342036391715373,0.003210154153596903,1.2881023996940568,5.697663348099514,0.3490855050493236,-0.00017312807596427636,0.00011974194745908052,-9.289041491690915e-05,258831.26302958667,81112029996.82385,0.00037743578559457086,0.5124526023864746
0.13479862546185764,0.007567899540519155,0.7394662519682664,2.5227596425723897,0.38126808863482053,0.001546346400522224,0.0002389409600145356,-0.0006538959298530295,282693.20698458573,113199423445.79572,0.00030288429888969404,0.4813165664672852
0.15320220767184717,0.00513071520411963,0.8301981217223342,3.887065877537079,0.4333212797500514,0.0007362393889163342,-3.227923919696225e-05,-0.00017768561747894367,321288.3162234296,125791306244.63298,0.0003069338167733804,0.4813766479492188
0.1829694792047516,0.006067979057796897,1.3319855724924587,5.817403994627537,0.5175158379834034,4.4951022748322246e-05,0.00014438643999413123,-0.00014067605315544988,383714.8092532032,173924308964.8178,0.0005156053730388521,0.5066943168640137
0.19443223437577783,0.006333774401449556,0.37942613220614146,2.977616999606805,0.5499374056334588,-0.000661253848834853,0.0006319504860158297,-0.0008121939568143816,407753.94918563135,194119517484.89355,0.0004459473962015181,0.45346879959106445
0.2046874593438597,0.006436211302692556,1.3545672830096966,6.3058990667197925,0.5789435621035561,-0.0006903411128085019,-0.00037484242456980814,-0.00040121500522932155,429260.71473789425,212571517881.8228,0.00031786669069333584,0.5012311935424805
0.18580917962079116,0.005702252972902172,0.978043830455177,4.097065656529175,0.5255477236662827,0.0001917679359902976,-0.0001697516826746857,-8.50455386434969e-05,389670.0926601012,176921554906.63663,0.00039510958004029817,0.5005702972412108
0.16444830651576023,0.005957988678832781,1.404901717509846,5.875062181341554,0.46513005076775193,0.00027523059337343026,3.8487252114276324e-07,-3.09494321194006e-05,344873.09490613954,145140962912.27682,0.0004073154418620106,0.5135045051574707
0.18602979258818908,0.007625101029437394,1.1977089772929133,4.559249195598865,0.5261717113673413,2.5155658495447666e-05,-0.000493656602490244,0.0003469925615691591,390132.75158590544,185739112839.32227,0.00035641913291328814,0.5222468376159668
0.22877142768734451,0.008374547871788878,0.8559378267035542,3.3239095874507996,0.6470633114377965,5.1956628209515795e-05,0.00013467243144155795,-0.0004501037210751208,479768.45711736975,267009423494.37604,0.0006078117926335835,0.5134954452514648
0.26423981055113444,0.011372931825979652,-0.18016603172762163,1.9282917975935967,0.747383047600623,-0.0015584390754117608,0.001236014869871566,-0.0006315022144638854,554151.0471769325,357102066225.56415,0.00047273632299038576,0.4565644264221192
0.24463803290332423,0.007932996271731756,0.8477190071866595,4.680752183395249,0.691940848008313,-0.000980187770152765,-2.7883424566335865e-06,-0.00017786395962798716,513043.1399792719,298102950055.28174,0.00046056292785578984,0.4761762619018554
0.18159702638495265,0.0058247952812918065,0.5376646143452464,2.8610887637855806,0.5136339552004496,-0.0009637867535644403,0.0004543655046873951,-0.0004638513716112065,380836.567077256,170654211387.9698,0.0004265167958692473,0.4823784828186035
0.19965971408808864,0.006214354079263488,1.1863765417303855,5.729960307738919,0.5647229510458187,0.0004695873934582341,0.00045791573212304473,-0.00045164933039545306,418716.768719263,202654750683.7704,0.0003562553401934565,0.5019712448120117
0.19740467520456184,0.008149786765235643,0.8623786117282961,3.56603443207082,0.5583447379002942,7.630352610591651e-06,0.00016520684509753163,-4.107166595678852e-05,413987.609414597,207228881997.8993,0.0003185632876920863,0.49451637268066406
0.1669280319453375,0.00663147413882362,1.1962212154586003,5.6525572627207765,0.47214377343469094,-0.0003299420039799569,0.00013602616302414608,-0.0004015827167052306,350073.4560502283,151716956330.6808,0.00032500478346264566,0.5021486282348633
0.2465102063079868,0.004055960825311632,0.9745461253260688,4.947423110874621,0.6972361540482894,0.00018622499806000248,-2.8712716961796128e-05,-0.00024392479510941808,516969.3721792072,285095636128.3004,0.0006852166943644988,0.4986562728881836
0.26263101377994647,0.0085507092880816,0.8382065098714203,3.6632081138991808,0.7428326831747916,1.3321014398757634e-05,0.0004649643328031388,4.1368628217834464e-05,550777.1558106425,340961892514.77246,0.0006827236625213118,0.5037617683410645
0.1734084031804249,0.007551279864183249,1.6860622874878368,6.294856563410267,0.4904730312144373,-0.00021376208654321825,-0.00014888294376983583,-0.00032375905505265234,363663.7795466344,165462224615.18408,0.000308426684114238,0.5492959022521973
0.1700467130011092,0.009157765123930094,0.5101206958707234,1.631798109753408,0.480964735526268,0.0003797383782783621,-0.0003070467867171123,0.0017916850966877395,356613.80426370224,167449682344.24063,0.00030729300033272006,0.4776339530944824
0.17026497044961625,0.0056788773637671845,1.808932143130264,8.340608708964947,0.4815820608138032,0.00011453664797786086,2.8247399400041027e-05,-0.00022099098516039053,357071.5233083535,152476039534.45184,0.0003324903391330736,0.5327868461608887
0.18217979459817488,0.005861894058040106,0.9442286520567066,5.0953461255147605,0.5152822726221673,-0.00014194193184019347,-0.0003737874884489282,0.0011347423190631067,382058.7206011516,171749748697.81326,0.00036738489143317565,0.4848346710205078
0.20301581961152168,0.006828173442453794,1.3337187895500289,5.788411027441004,0.5742154509418085,0.00030794225964005583,0.00017025869685231986,0.0001549900696710628,425755.0321299425,211297971769.7652,0.0004318548267292499,0.5155391693115233
0.16268943358680707,0.00366117868736916,1.4582960394107047,6.439194518258603,0.46015520686651895,0.0002943009223568908,5.830130844822592e-05,-2.3244584176307794e-05,341184.4710254396,132508877421.42123,0.0008106664404294861,0.507840633392334
0.26544533169979123,0.00789584767914829,1.4239255203883647,6.170608416558864,0.7507927763169395,-0.00032308085637896845,-0.00029216900587137945,0.00023012748133582916,556679.2082648806,344618046251.90106,0.0004965384073329915,0.5207266807556152
0.13262985499073052,0.004236735859906134,1.3964429691804088,6.248184720250336,0.37513387940693566,-8.452190544664561e-05,0.0001552616815297113,-0.000605068784413029,278144.96565352014,95997983285.52736,0.0003251009447922115,0.5221710205078125
0.21764367261852752,0.006534720766692446,0.42975153785430537,4.854718079760736,0.6155892671636227,0.0009716424947832112,9.325203456093074e-06,-0.0016210388544973975,456431.86331929,237070051722.10913,0.0009433616278329282,0.462773323059082
0.21352293919660367,0.007015200083265145,2.0736363993819,9.901385203485004,0.6039340729792056,-6.891186394968055e-05,8.552589925633646e-05,0.0002858973674555006,447790.0589820359,231369113174.03607,0.00039035285635691247,0.5246939659118652
0.17593192097786267,0.005209204239390064,1.1698073735435652,5.347098813217452,0.4976106174024904,8.013459722577918e-05,0.00021124340851124548,0.0002466249085802939,368955.9799425668,159038837666.05722,0.00033373407404724276,0.5025954246520996
0.24601754976979567,0.00633726913209806,1.0779695345768139,5.4319815063092385,0.6958427109324862,0.00048284609824847055,0.0005382334006096569,-0.0010875006897868396,515936.1965348268,294061763291.1743,0.0005797803605673835,0.5198459625244141
0.1557605361145664,0.005332837446938355,1.7311686609421744,7.964347144380999,0.4405573253114485,8.185372605311804e-05,0.0003573486614294132,-0.0001616775861730892,326653.5198337353,130156589147.56036,0.00033017013447533827,0.5207014083862305
0.17936024102170023,0.008086374864635574,0.41858445541192657,2.8077854719910302,0.5073073708067917,0.0008567613762190565,0.0015084402879883755,-0.00033349856592826004,376145.68817914085,177049831496.64886,0.0004791030296473764,0.4450163841247559
0.05357252608595696,0.0009993473359109293,0.8835257001028847,6.996080246086278,0.15152598592269345,0.0002812910807452879,0.00020391117564769927,0.0005031093267307812,112349.73022621677,17017637945.987806,0.00031618965022062184,0.45263242721557617
0.14951514330459487,0.004926318780178446,0.4456127539957076,3.0033808255919694,0.42289268688303006,-0.0007244706771652848,0.00015229141074541789,-0.0007553049539238902,313555.98181151785,119983532853.53482,0.00035302012383908726,0.4599347114562988
0.17882617704614212,0.006050658700201313,1.0340030012453498,5.677893333439704,0.5057968097719729,0.001224682358352724,-0.0009374034943413928,-0.0001022575518167642,375025.674844671,167255335179.0024,0.00048270912930092885,0.49886226654052734
0.14057402335041752,0.005308376005618125,1.7713262026966268,7.8328864636379105,0.39760338067902534,0.00025030723188447024,-5.184201179958011e-06,-4.2031556251677096e-05,294805.09421737486,110256528147.65236,0.00028353748484732927,0.5256686210632324
0.16363282251780503,0.008059162933618705,0.5233234781906592,2.300559979415988,0.4628235137081384,0.0018067007251818723,-0.0004059176254172305,0.0007536304595160813,343162.9010088595,153205350051.43677,0.00040357097850574064,0.4691181182861328
0.15659787791044677,0.005794216383240488,0.7499046844517128,4.167678156143138,0.44292568555959966,-0.0003832459965463328,-0.00038876342048492024,0.0007188048707260104,328409.55285564903,133336067555.7397,0.0003519363799568964,0.4722223281860352
0.10657471590653052,0.0018203577078780113,1.030988585100438,5.3629267063650445,0.3014388172821505,-6.892591651152323e-05,0.00025931660297001983,8.405474441414707e-05,223503.3786128125,57959778117.43639,0.0003992691567873408,0.49814939498901367
0.15191234237810117,0.005585711958953452,1.6405797090865617,7.561306005810859,0.42967298976595175,8.105543552539564e-05,-0.00035955920332943664,0.0003172926863605818,318583.27264291974,126061522600.98003,0.0004418354455992812,0.5139298439025879
0.1628280687137969,0.0052095297517033515,1.4566069288563988,6.836729173340389,0.4605473262201392,-2.1840736322166302e-05,1.092836343932026e-05,-3.339495623704938e-05,341475.20995927625,139517073165.70306,0.0004174917758064112,0.5067362785339355
0.1647443168715236,0.004913755531884903,1.53974014764358,7.495416519671681,0.4659672944871992,6.084034269022328e-05,5.374906319557544e-05,-0.00017266755075735494,345493.8736157497,140976942079.43997,0.0003180338781021419,0.505284309387207
0.2056185645816472,0.007243574460634179,0.24271575113157903,3.545182964248669,0.5815771254141072,-0.000728299323121003,-0.00013894114250299078,0.0018141515345204396,431213.38394953054,217802559881.71945,0.00040333014885618473,0.44353294372558594
0.13463648441189469,0.006363766526739842,1.5479063984801191,6.416237146009861,0.3808094844910708,-0.00018365071932990209,-0.00022719762517477165,-0.00023145842790987128,282353.1725573738,107711455223.62254,0.00037293159539331095,0.512578010559082
0.18881514087577111,0.004749946128192547,0.8803180701403632,4.748178571204962,0.5340498660158043,-0.0002420392630704896,0.0001646359000821418,-0.0008365602704654385,395974.05031790526,177685932522.19617,0.0005583608503911819,0.5141415596008301
0.1771626831158799,0.006828267888993799,1.2621254653897755,5.668079993830773,0.5010917384177689,0.0005239822228104636,-0.0004570170795925673,-0.0001988556083153794,371537.0752218338,168070838030.4672,0.00028419724867490004,0.4951791763305664
0.18185238460157016,0.00620335600797775,1.340496056571652,5.975168034651551,0.5143562173068574,-0.0005796540032450124,8.167707690083254e-05,0.00016671628737145695,381372.09207195207,172727320859.36047,0.00036434669527807273,0.50201416015625
0.13560019838230108,0.003622347232632588,1.3050761373756683,5.098343172102847,0.3835352792254648,-5.478354364131959e-05,-8.707882611659299e-05,-4.672460361374358e-05,284374.2272378394,96799952725.60536,0.0005110369456815533,0.513399600982666
0.23755604307169675,0.005499612902215748,0.6993255433252086,4.674943062019397,0.6719099558713616,-6.151572589144691e-05,0.0009580746380774682,0.00044671199156634365,498191.13083989505,272381956184.54593,0.0004556983103611856,0.5026326179504395
0.18383399421984073,0.004894297689659838,1.6078616959672283,7.109767310380352,0.5199610557018325,-0.00028445515603607254,-0.0003816480282746985,0.00032337740134467247,385527.8286461278,170157055538.91083,0.00045585172983919614,0.5243816375732422
0.20551796862953575,0.007446553315620742,0.7461508826962222,3.382934295082056,0.5812925970945158,1.8462435521947767e-05,-0.0007476755643240666,-7.988754603394938e-05,431002.4189473684,218513372967.99875,0.0003354477207722084,0.5017709732055664
0.1991418222355944,0.007157038885332267,1.4690553481294049,6.599383896089778,0.5632581316825401,0.0003285532140151818,0.00027720446113273017,0.00016129042147705838,417630.67078502185,205892367079.81827,0.00043771794435087935,0.5101242065429688
0.19528963563049728,0.005007665382326511,1.4032262935962283,6.534310569408833,0.5523625025990989,-0.00014256379254631003,-0.0002885069556137645,-0.00021470131864068304,409552.04994176887,189756826875.0225,0.0003011185926879989,0.5136294364929199
0.15979846217508323,0.004176745745131011,1.723279926201948,8.561695216799283,0.4519783049087336,0.00011360052378701753,-0.0001890312315094583,0.00012479117799005,335121.66454740026,130676052101.16228,0.0003395327248654212,0.5356149673461914
0.2070836849241588,0.0058730242095729,1.2039238755897563,5.245201798212491,0.585721111531885,0.00021191571529143437,-6.087336228157626e-05,0.0002543384638519917,434285.96400606976,214434132167.22256,0.0003183126900694333,0.5070333480834961
0.20515148754820844,0.00703265128518123,1.3269341354659558,5.670477237905585,0.5802560320633827,0.000238296329182651,-0.0004761754455201906,-4.987871204299193e-05,430233.8524147001,216031095212.19608,0.0003419212976041308,0.5076761245727539
0.17625872831033496,0.008692651827359999,1.0278875218942456,4.415580718574462,0.49853496812622095,0.0004823858468143712,0.00048468995828229326,0.0008223178860581548,369641.3445934757,174865410674.4352,0.0003854000497085508,0.4969844818115234
0.1959063519597728,0.004918327708354153,1.17168494012504,5.897755140807028,0.5541068397930953,-3.388044906731573e-05,0.0001837957222581545,0.0002772782315604917,410845.3978251414,190424974932.292,0.00028979455100852647,0.5126266479492188
0.15092013199251209,0.004649342495355499,1.7802556781007433,7.94427744971482,0.4268665949978966,-4.436499737890425e-05,-0.00010487188937777444,-0.00040033538613438367,316502.4566483608,120621829605.07324,0.00032122035281645367,0.5316925048828125
0.15417052817294444,0.004245586080200756,1.9680872130243947,9.479648163258398,0.4360601037208032,-0.0007166983096718575,-0.00011908342932288186,-0.00019184377883185865,323319.03149894695,123207481177.03572,0.00032006932724470966,0.557553768157959
0.17561741145406842,0.005210850663328869,1.8441857567591653,8.15627505900673,0.49672105013439927,0.00011596498471264013,-0.00037526956250979126,0.0008614911625469411,368296.4056657224,158559806006.02792,0.0003402750344321248,0.5525965690612793
0.2209546970348724,0.009383497282255836,1.8553669696018156,6.610897429038223,0.6249542584335093,0.0003642551282820446,-0.0005508539573658653,-2.349866314807697e-05,463375.5847960764,255985990069.285,0.0003204960416951508,0.5949440002441406
0.2099417968850247,0.007240899459863634,1.8156421462962515,7.000522944397485,0.5938050729275588,-0.000531915933314048,0.0001281247317532337,5.12083747921457e-05,440279.85922102304,225692167042.39188,0.0002591208753983665,0.5953092575073241
0.24589999054437253,0.008697335350340979,1.3372057351232371,4.561705168138284,0.6955102032305349,-0.00057006417592894,-0.0004720297793181599,4.470262263469502e-05,515689.6569701118,304187107699.41986,0.00030216694676710176,0.5517420768737793
0.16788477569685775,0.007806049918979987,2.0625839655242615,7.278817305561864,0.4748498534129226,-0.00016426657393220885,0.00041297977753790305,0.0004840473027221904,352079.8931222167,158291621752.62488,0.00031469037821807433,0.6004595756530762
0.18321421672247007,0.008008490830638091,1.6383400963199568,5.576015699597438,0.5182080602169613,-0.0006467568721100004,0.0002515906806279767,0.0006169665661318328,384228.0610279615,182852918038.20328,0.0003324787289784581,0.5627636909484863
0.1953189146851304,0.007913147100522707,1.85938740099466,7.454721917077142,0.5524453162714096,-0.00025247542506971163,-0.0002253332342185208,-0.00045303537300791206,409613.4525697504,202585569523.41788,0.0003452199407547596,0.6020135879516602
0.16868288427287229,0.005565397051504563,2.3644123139530806,9.8855262273566,0.4771072453578144,-0.000292777813949636,-3.7768737104354206e-05,-0.00047136239745300775,353753.6481186224,149618518642.51227,0.0003971208684561134,0.6072525978088379
0.20281522167359223,0.008055069663689525,2.008612297113029,7.009149063272044,0.5736480742929998,-4.376611024285636e-05,0.00019951069487050745,-0.00022077394563678945,425334.3477632173,216335878418.25073,0.0003652889408840565,0.6076669692993164
0.2167861250423672,0.008834899199948558,2.0400883353086354,7.382544910301038,0.6131637563384513,0.00046806157177847936,0.0003667859678824883,0.0002281881634169156,454633.4557048509,245547876648.42404,0.0005164442286513804,0.6027045249938965
0.17408067691348866,0.006168783486235895,2.0033908167862737,7.495464335361286,0.4923745084762893,-0.0006194072044499246,0.00015560099402664546,0.0002830036357706307,365073.6397504766,160409359130.05664,0.00021340222747312507,0.6030960083007812
0.17463299394768747,0.005724127945450842,1.8236716465231089,6.608051399285865,0.4939366969572767,-0.0014602638385806715,0.00019147850014433784,9.552788589245016e-05,366231.9325233808,159300809339.41315,0.00023654456299482263,0.5953207015991211
0.21875844823545867,0.008294777333132226,1.749549954435753,6.743605872094625,0.6187423287565564,0.0005391041541877579,-0.00011608261417148784,0.0007774381429911315,458769.71723388846,246950469961.22864,0.0003590668238757644,0.5921874046325684
0.2024920072950765,0.007566234161156632,1.3945201483151504,4.562457684617922,0.5727338859776984,0.0002500756871178743,-1.757371155585832e-05,0.0003892495197312864,424656.5180828845,213609808104.94983,0.0003096422797170817,0.5461015701293945
0.1917165998698316,0.007606959256286682,2.0618842031644196,7.238229102370192,0.5422564313359437,0.00015121911082958047,-0.0002292589718578532,-0.0004634807808733582,402058.850850217,195107080164.21896,0.00038062204885136447,0.6119303703308105
0.18390212240854173,0.006510328466619067,2.060308435140246,8.388746815441205,0.5201537513187139,-0.0010791504579568244,0.00019070114740756,0.0003229034477908319,385670.70381331816,177374619178.61533,0.00030329365790748847,0.5809998512268065
0.23300136149453976,0.008655425221744714,1.6486653797676016,5.313624654524437,0.6590273709539489,-0.0022311257532926215,0.00016324599168214855,8.497793442165982e-05,488639.27126099693,276835300117.0942,0.0003910578420800448,0.5850214958190918
0.1712152480491501,0.005577372100164489,1.68363241311185,5.818097257709461,0.48426985175236376,-0.00023823991174954387,-0.0001170238986101436,-0.000276667331485064,359064.3998767714,153456785165.12338,0.00040422392476102686,0.5969123840332031
0.21575719023707543,0.009158619467430745,1.7308377555804129,5.7814175965323775,0.6102534892255684,-0.0006339803188429289,0.00034091924406535177,0.00043395385032424623,452475.6230200634,245014223822.65756,0.00041526862241880735,0.5941715240478516
0.21217782045501507,0.007373987157993059,1.66495699854146,5.675189609675545,0.6001295026444918,0.00013457395886071324,-0.00016986704214999834,-0.000171777291179384,444969.1405228758,230428674510.80408,0.0004094372839062999,0.5858068466186523
0.22426571122572012,0.008040822298545818,1.80617962102003,6.309317177149794,0.6343192207813232,0.0002441856334465015,3.484455418551258e-05,0.0003268108797806486,470319.2848284415,256564140138.0632,0.0004465045226424991,0.5909757614135742
0.20856997561705187,0.008938683173249876,1.716937945763775,5.67693267561312,0.5899249764429217,-0.00012938985827623835,-0.0001158430805322565,-0.0005150634883693166,437402.941505252,230634077581.4228,0.0004110425870749168,0.5893468856811523
0.17674463862336978,0.006256570457638359,1.8628597202485824,7.097836838415129,0.49990933003580207,-0.0001904543787366036,-7.460011128832068e-05,-0.00010643218950297549,370660.3723782772,164905799524.29572,0.00041459814974587056,0.585242748260498
0.2400566840296496,0.012391116177300316,0.31213952273036566,2.3413664238657,0.6789828365860863,0.0025508397679649087,0.00010840061682130685,-9.948117796461272e-05,503435.3550261476,307943861962.563,0.0003550489686858782,0.47474193572998047
0.21842052132601256,0.011774978173002916,0.2396669061641317,1.641383791013652,0.6177865271196977,-0.0017585560133412312,0.0013461659130580266,-0.0011454214777100408,458061.03313989006,261606811753.28476,0.0003859309249492071,0.44683790206909174
0.1916104703757236,0.006705709700225739,2.1891985958459284,9.223047612884269,0.541956251796073,0.0006151769954147381,-8.492716814128115e-05,0.000523436171323651,401836.2811693895,190964420015.59872,0.00027237164658799884,0.5708370208740233
0.2524738826577409,0.006647161003210135,1.6330608132071458,6.061592137459806,0.7141039779991409,0.0007607073463244196,0.0003020024396836777,-0.0002942627376812051,529476.1079634465,309579472163.03406,0.00035956227611677605,0.5694460868835449
0.23134993134006848,0.0076233709442450285,1.8005024888976813,6.6774650102890645,0.6543564211104186,0.0006114023387438995,-0.00014939097054684613,0.0001457493328504266,485175.97120968736,268923663023.45148,0.00033943820835702354,0.6023035049438477
0.2078288533790068,0.009926648252852967,1.6023565935688004,4.657625693940532,0.5878287662020818,-0.00016274992250951543,-0.0008305562606260928,0.0005898359605200703,435848.6955214908,233621946103.20187,0.0002391533512309252,0.5816383361816406
0.25631521465547075,0.008856157377501984,1.6691680765150383,6.280967988494975,0.7249689056166758,0.00034088734474013645,-0.000442552860424356,0.0002586913404430687,537531.9650451499,327890405501.2106,0.0003975263011852803,0.5553889274597168
0.24049389861466916,0.00809411256078575,1.36104867510757,4.667621067868622,0.6802194661776907,-0.0013203442350160246,-0.0005209901061434377,0.0010466848946928788,504352.26046755054,289969486147.17474,0.00023499435474150232,0.541292667388916
0.26149868099710294,0.006810354094754778,2.1866738794495664,8.71759104721888,0.7396299624175574,-0.0004887199474950812,-0.0002303277418803272,0.0002245725805137961,548402.4818504368,330697536165.5382,0.0002940596082225966,0.6100759506225586
0.13017510787871087,0.0035761309180325487,2.3015188157195445,10.818354367691663,0.3681908060909072,-0.0012267740727289773,0.0003184153735211435,0.00014362858206165105,272996.9878380541,90255345475.95486,0.00023004317381492,0.594663143157959
0.21390147420354105,0.0056740894787114,1.5032125713518547,5.490065176979094,0.6050047316604931,-0.0004676642176453769,-3.7314867287336073e-05,0.0004453322290108748,448583.9044289044,226182428748.21906,0.000326850822148117,0.5770440101623535
0.26701618921817094,0.006397333943080345,1.4682734553386776,5.3534628983845725,0.7552358323310359,-0.0008794117969170254,-5.4802913797137034e-05,3.9931419896489934e-05,559973.5352512656,341706132410.53235,0.00031773123419043253,0.5652084350585938
0.200528878091308,0.0068793968650786045,1.8099372540301304,6.607140029011536,0.5671813180883776,0.00024676293876054866,-0.00021330619153772944,7.087315716161743e-05,420539.53774694254,207109410189.37088,0.0003163564615533687,0.5919814109802246
0.2160343476521772,0.007651215658771583,1.4341586769401327,4.9134817569412,0.6110374087762664,0.00014812177995235777,0.00010351579250992014,0.0008766142047519661,453056.8642474588,238910924575.50488,0.00021234171072137545,0.5509037971496582
0.18963391352008704,0.007487618134570595,2.3982980826237936,9.578284404810724,0.5363657047719873,-0.000127648897989481,-9.539355152539972e-05,-0.0004905886110693428,397691.1410064773,191089136448.26093,0.00033909672310983296,0.6115655899047852
0.2255646116197048,0.007762745181922699,1.9715395021774071,7.458460845573229,0.6379930658880133,0.0003366466042919692,-2.305050697602796e-05,-0.00017122559112412876,473043.27638748736,257910855699.3532,0.0002605328531899431,0.5841073989868164
0.27570274726153704,0.0066653964708468785,1.5884295521117713,7.204251461691701,0.7798051287215747,-0.0004973999801542059,3.854091292855739e-05,0.0015394469623455792,578190.5678250267,363619056415.55994,0.0003347328070049116,0.552556037902832
0.25124721898045566,0.0071249703449446445,1.6612339635252276,6.56416175701939,0.7106344491813673,-0.00022235510219735044,-0.00041860122836062126,-0.00018289132379590957,526903.6077793009,308963362858.1462,0.0002461289891471097,0.5376443862915039
0.2522779655440374,0.007136397659122035,1.5166677703429927,5.815636500564011,0.7135498407205402,-0.000519570570171445,9.813935836902103e-05,0.00010286666552000492,529065.2399966089,311296236999.22186,0.0002347975018892612,0.5494256019592285
0.16205693412503439,0.00540082129790686,1.986949892911776,8.270292111016694,0.45836622823245365,-0.0003441110382849715,0.00028287520880679567,0.0001614077640936395,339858.023514184,139256539413.32315,0.0002549290261413262,0.5863432884216309
0.28222045901036774,0.008117842306034594,1.545402174753604,5.527201907223864,0.7982400014232448,-0.0007740235530772163,-0.0008756961337662598,-0.0012068002440298487,591859.2000545107,385999960720.9132,0.0003486253131086414,0.589144229888916
0.25186629655552906,0.011905828048692576,0.20949903797170408,2.8930616083604743,0.7123854649870267,0.0015254391152429735,-0.0020824919271236033,-9.560477814724288e-05,528201.9075540211,331359640655.0634,0.0005166339692550537,0.48229265213012695
0.2751216114034075,0.008200077477143764,1.2454494181518359,5.200148617057529,0.7781614282972791,0.00016907609895253187,0.00011999406044961235,3.4943606745171325e-06,576971.8375978791,368960823520.208,0.0003853396028716816,0.5745749473571777
0.211834307328208,0.007683610754749843,2.182916751191864,8.02494895490668,0.5991579007989245,-0.00026798217670890624,3.3225031167369434e-05,-0.00041497327361825247,444248.7412819661,231149821603.21985,0.00035786615171673475,0.615262508392334
0.21752265504217985,0.009822747470736675,0.4398326357935071,2.7542189800010384,0.6152469777681101,0.001117614339404588,-0.001419388573723418,-0.0006601523261986505,456178.0710670176,251299332765.55368,0.0004277317457308527,0.5032696723937988
0.22134585410309043,0.006852413287252358,1.9798461106887637,8.564202827577528,0.6260606176952938,-0.0006692241791765282,0.0004284917661104,-0.00022644653396056548,464195.9006240043,245615066506.77347,0.0003920879707948188,0.5925040245056152
0.2429974243599884,0.008141642565364728,0.5616503488953624,4.474726702145122,0.6873005063032516,0.0005057482904018056,0.0006776829903923915,-0.0008372770293121253,509602.534491398,295502065839.3147,0.00030522228917106986,0.5356521606445312
0.21598580405297693,0.0066200029034328015,1.73961460669367,6.910678766385695,0.610900106743556,-0.0002808634161906424,-5.423593136079998e-05,0.00035170000567228776,452955.06094130885,234283367905.28583,0.0003125587004433328,0.5666842460632324
0.2236942828716308,0.00752546192253025,1.4240360984344516,6.781060623778815,0.6327029773247678,0.0005306954025920608,5.459868404336336e-05,0.0009341701989836273,469120.9127128064,253171762297.32645,0.0003821500185949844,0.5764060020446777
0.29030557072173424,0.008284546104041413,1.39210315677474,4.697809235003683,0.821108150694277,0.000426490463611761,0.0003279490989625192,0.00012817557423823507,608814.9082502265,407091411596.69135,0.00043586081437752,0.5523500442504883
0.20700300961303705,0.007281762341721044,1.8281156293872047,7.144929484787498,0.5854929272936107,-0.0004095966956903072,0.0001217773049227081,0.00039154216724869746,434116.775616,220482904332.9272,0.00031986084604795906,0.5786914825439453
0.25746583651367927,0.008386253415509368,1.446330052587694,4.040908096957338,0.7282233556907589,-0.0004967666634387282,-0.00041339877657368864,0.0007955198222638784,539944.9939763356,328423729095.4201,0.0005256418462522561,0.5754294395446777
0.228369210263808,0.009023987024667937,1.3517555388764133,4.598796262983813,0.6459256687670206,0.00025302573154665174,7.652914326031652e-05,0.000550085915014635,478924.9460431655,269057018592.5378,0.00032059823797681014,0.5530266761779785
0.2599585048461763,0.0077728254779795055,1.482688258614667,5.852816361039322,0.7352736864153889,-0.0007313468462039136,8.142143563370938e-05,-5.6231344037855487e-05,545172.4983551682,331398300937.66364,0.0004340162299740769,0.563840389251709
0.2456370842176828,0.013000440000672884,0.2354361262085841,2.4163395094986457,0.6947665918448587,0.0024959638522859544,0.0011751203386838167,-0.0007059248657011225,515138.302441282,322544010429.8624,0.0003453028421063209,0.45603227615356445
0.26909900534198505,0.009188632986186131,1.089361005012226,5.152428751981209,0.7611269259514905,0.0001107255320339336,8.434645592302712e-05,-0.0008979604314290084,564341.5172509545,358893383339.8203,0.0003061406005144818,0.555079460144043
0.22695529238573972,0.006827163413983887,1.5372245888865637,6.220211271049182,0.641926505088529,-0.0014998040188581585,-0.00037575350940950567,0.0004576909079685442,475959.7453373388,256563861415.1932,0.00035217437380197225,0.5721135139465332
0.2450244211283024,0.009476539182974622,0.6573880631067403,3.856806486758805,0.6930337189445238,0.000709743343134255,0.0002353448521906123,-0.000815360774061132,513853.45481806126,305723633119.47943,0.0003280136111243337,0.5419363975524902
0.2811396058336057,0.011268201969465331,0.9926012021896728,2.949552453448514,0.7951828869802233,-0.001577919074693158,5.9131980191113775e-05,0.0009960072543592348,589592.4866531583,397177376676.0768,0.0005388419808696199,0.5401902198791504
0.25429749690061654,0.009362299076066805,1.0588084471700827,3.662800038925788,0.719261937988764,9.203505712936917e-05,0.00039124850223958425,-0.0002762196119868998,533300.5042201217,325585254588.8443,0.0003500489083307912,0.5691604614257812
0.30263031722401545,0.008120092184669265,0.9150161435932109,3.65239875470432,0.8559677980069502,0.00036203783821339177,0.00027818801415264906,0.000471201391784488,634661.7750269789,438508111783.0228,0.0003922193791368045,0.5406808853149414
0.2868372064396616,0.00775879398165423,1.2706965795886944,4.53885459772356,0.8112981350803614,-5.9565285382550555e-05,6.572645098130178e-05,0.00011497762272522286,601541.2211593492,395975377555.2703,0.00036281452275943593,0.5305414199829102
0.29772446942057124,0.007567878198967512,1.0385169576666025,3.604800260111955,0.8420919650098116,0.0005817185586760448,-0.00027836615790741127,3.180238994554408e-05,624373.46649429,423126105971.52576,0.00041738966638149577,0.549342155456543
0.20581112668455967,0.009547198483723865,1.2749657584822665,4.5134648727379165,0.582121773289183,8.277273760850418e-05,0.00014911020895411664,-8.783333136790696e-05,431617.2159487776,228282444085.53296,0.0002527634892430797,0.5581984519958496
0.2423548514955109,0.006790916126269502,1.543563750189272,5.787131838709318,0.6854830357837375,-0.00010383987542890148,0.00013169153506378405,0.00047305279434797407,508254.9615235134,288189870889.60767,0.00025376821531608584,0.5421066284179688
0.2127393795255114,0.0070656920591342315,1.8791041018209749,7.04065032897193,0.6017178315516307,0.00021052904590365123,-0.0002127261448774517,5.631357092669656e-06,446146.81525068515,230122223067.53943,0.0002554264992795652,0.5852189064025879
0.327346011981389,0.00944203908655618,0.48708250696224503,4.52702037448634,0.9258743394656516,-0.001543628604491802,6.055220132807316e-05,-0.001395255535970095,686494.3437187937,512801011020.2336,0.00028146637578174705,0.507756233215332
0.19897282565834673,0.00809280911425372,1.4138477714162359,4.572645743972734,0.5627801371794627,0.00022503433575242647,-0.0010924228477625373,0.0005257768775515819,417276.2592750533,209712027444.55573,0.0002838772174982296,0.5448808670043945
0.30975517628736265,0.006763058717091052,1.8184126288418905,5.671147294358889,0.8761199426417156,-0.0014062186581785031,0.00024184311172514744,-0.00011295445647414259,649603.687461396,451729197558.5371,0.00027086321142633096,0.5986690521240233
0.2510863052249096,0.007851889989225995,1.6653753444951083,6.46893647798942,0.7101793163504356,0.0004042588494612713,-0.0001500874087327651,0.00058445059808434,526566.1471750296,311804884723.44305,0.00026795157054948504,0.5476632118225098
0.22266654136626224,0.007741655591269848,1.3189955954905894,4.849095471665193,0.6297960853737558,0.00015427364576416124,-0.00029576353039361243,0.000411631958706014,466965.5825593395,252105016658.33633,0.0002643327261466766,0.5261712074279785
0.2488813759838628,0.007705472780134715,0.8952731682060233,3.8787179326356047,0.7039428346769124,-0.0003560172317379356,9.946151451442202e-05,0.0009776416386279327,521942.0754073096,306312557757.5678,0.00022763606375519885,0.5123257637023926
0.22397366817644795,0.01235043167097188,0.5685995230825285,2.214816128947908,0.6334931982991682,-0.0002289897390912344,0.0005130436476590555,0.0016506746680833807,469706.82616357424,274942275465.8044,0.0002460338405398943,0.4977993965148926
0.1985485483976756,0.0044372609767900995,1.9338562701330309,8.259978461841742,0.5615800998669671,-0.0014162874025671149,0.0003312747893866373,-0.000648373158300265,416386.4853692819,192892985356.01266,0.00034573498169265804,0.5780301094055176
0.27513509873575415,0.008616232464636971,0.9185903749720865,4.717363633980452,0.7781995762339282,-0.00018314490352867047,1.2564423071436003e-05,-0.0010548184985858865,577000.1225838843,370823732591.7752,0.00035720000732908375,0.5300803184509277
0.2613635247368753,0.008186509379283004,0.9995564501130819,6.454287947617681,0.73924768278505,-0.0007271446409664036,-0.0005667849202841866,0.0009209228056812946,548119.0386289875,336439129521.24133,0.00029292195677044214,0.5422234535217285
0.1701457374647676,0.00811717684651417,2.128735273076427,7.197819276812291,0.48124481900529287,-0.00042588462910340887,-0.0001191532297625145,-0.0013374777583836947,356821.47361571225,163021285343.1143,0.0004013366442450206,0.605292797088623
0.1691878818269011,0.007971415202451574,2.709561294867724,11.468307758509846,0.4785355941375597,0.0005353962697192782,-0.00013842843535691855,0.00073859630322302,354812.704749049,160950710271.03943,0.0004074831158504821,0.6087589263916016
0.14652839919208135,0.008503418009306393,2.413430543744997,9.721523819977074,0.4144448988205207,0.0005116721093693774,-5.5991984425752354e-05,-0.0012187772775754692,307292.32542247174,131827001171.8392,0.00031282356212614104,0.6080856323242188
0.12850378953852912,0.006201141944440788,2.5096211554345103,10.111715864437478,0.36346360396345145,-0.0001997963956836429,-4.534194769171986e-05,-0.00013398218715463155,269491.9792383053,99898837567.3878,0.0002945525830000406,0.6027121543884277
0.1542508468874297,0.0075147914571809535,2.6829909311601154,12.026775518130536,0.43628727935147776,0.00021747763096989416,-0.0001921317542085288,-0.0003877341682633253,323487.4720516669,137694546924.3069,0.0003293593126727501,0.5959701538085938
0.16521013969746978,0.006038274493789724,2.736892356437039,10.696812433864071,0.4672848404034309,-0.00010601624164949255,-0.00022185463842761105,-0.0005038590777055844,346470.77488682815,146598609921.17932,0.0004098789213458076,0.6452817916870117
0.1817081825792702,0.010828660093843284,2.2124522988084587,7.134164290706764,0.5139483523955414,-0.00023337121315290056,-0.0008782839764478756,-0.001523337953858761,381069.678512482,192839050627.26483,0.00045782988536302577,0.6025753021240233
0.2362024636911275,0.008483527532310782,1.3215665353390795,4.954683527932859,0.6680814552358625,0.0001862591678953479,8.243480360606767e-05,0.001369214078265386,495352.4691347753,282685017343.25287,0.0004719182902590546,0.5856151580810547
0.17110032015167287,0.009544855252751741,1.3957113795388818,5.558944558510944,0.483944786569749,0.0006897961060392695,-3.7451187569854354e-05,-0.0012722790900663544,358823.3786067213,170732934378.0997,0.00031363352081825724,0.5491237640380859
0.1586342374446328,0.008125283533303091,2.632876793342144,10.650752638834277,0.4486853801018272,-6.770815809308861e-05,-1.2476366715313396e-05,0.0001389768121004931,332680.1083254865,146411429370.8319,0.0003977985243182047,0.6058568954467772
0.17469140560099655,0.006937000311049146,2.532129263833277,10.401415389774227,0.4941019100618968,0.00012939527237530363,-6.526570284386439e-05,-8.065356063717896e-05,366354.4306389408,164724818864.31964,0.0004012420249637216,0.6041946411132812
0.16426196019843792,0.00737751192450643,2.395294465768668,8.203127639436012,0.46460298378924125,-5.883446934154633e-05,-0.00028330727831357683,-0.0008471087874433631,344482.29835407465,151114694459.50946,0.0004528398590082361,0.6401724815368652
0.14061072301095212,0.008667645834904262,1.9472705289105785,8.199601425181132,0.39770718299434976,0.0014892580037339767,-0.000171052901968503,-0.0004899347691860513,294882.0589838639,125076138234.2488,0.0003694607298712072,0.5446019172668457
0.18682955571799276,0.007361788538489737,1.9703039737118793,7.689471797107973,0.5284337830970504,0.0002487951732512959,6.902974165179389e-05,-0.00011030252325344309,391809.97643309983,185892546029.69635,0.0003131182370452734,0.5886597633361816
0.22510034090973932,0.007671491277977888,2.2572006301147534,8.317787988227854,0.6366799100187214,5.017807972738587e-05,-0.0003344732131527392,0.0007077241184587584,472069.63013954175,256589311150.1592,0.0004330042220317409,0.6292591094970703
0.1837426433698225,0.007384085205754106,2.1731566715036448,7.888747802332388,0.519702676479772,5.056283133213774e-06,5.806425737015698e-05,0.0001770537231779034,385336.25202831,180959577304.08688,0.0004880545225205424,0.584829807281494
0.18352271764225356,0.0110536861449158,1.2079975714700204,4.674536610444223,0.5190806325864861,0.0012220838483976983,-0.0013595632965262368,-0.000594010221583299,384875.03434888704,196743417849.54263,0.000519946192525822,0.5161600112915039
0.17523233285005185,0.00767166907682415,2.1106202019459825,7.529916893217278,0.4956318833656397,0.000434052225510593,-6.80952505376012e-05,-0.0001260376743733781,367488.837301152,168788402958.6231,0.00029037192416581087,0.5992026329040527
0.17865148713409773,0.007664834601008493,2.491039489191041,9.13313412269076,0.5053027120863272,-0.0009409727622174234,-9.474072274484497e-05,-0.0003024766312019036,374659.32354624727,174079907795.28604,0.0005487489406732493,0.6253952980041504
0.1688424708571487,0.00645467763652484,2.374614255648197,8.523351114202912,0.477558624381528,7.04138121964238e-05,1.7738179779073727e-05,0.00011559905207388984,354088.3254430114,153766514674.65488,0.00026832517914954224,0.612339973449707
0.1871959064501332,0.007077787839475576,2.550156169193392,9.115538366672489,0.5294699794450075,-1.1425562865459096e-05,0.00024348289822419435,-0.00010416307181475052,392578.2696037099,185246137878.78305,0.0006141439430393801,0.6296358108520508
0.12508346709826487,0.005135942174369101,1.535006265117784,5.623159578820822,0.35378947119803006,0.0008619320548160881,-0.0008565192974047766,-0.00019027004289524113,262319.0431920603,91399392982.4139,0.0005582414059972506,0.5545597076416016
0.16231312568011907,0.006286283716315609,2.450476992592884,8.970964488713774,0.4590908473759863,-0.00013366503877280947,0.00021038810785194647,0.0001733299731363606,340395.2961463131,143516325804.8879,0.0002741121757026121,0.6152076721191406
0.20328081646750737,0.00855511852706197,1.5818666040638956,6.0931123950401,0.5749649752372507,0.00024338480264811285,-0.0002768956550686624,-0.001529133293969289,426310.7708164663,219366682504.15567,0.0005799572531941521,0.5751142501831055
0.16576564362557528,0.007820786526502753,2.3702999050166143,7.424482349511992,0.46885604278158766,-1.3965385703651192e-05,-0.0003181810182717676,-0.0004933380378179228,347635.75106066244,155246798312.4855,0.0005216896124693449,0.6386013031005859
0.1961634185308428,0.009363265305012152,2.228140163848825,7.575676976260179,0.554833933855575,0.0004303869424631452,-0.00040812278451056016,-0.00015545671593670475,411384.50549879373,210417287671.7368,0.0004080652793163608,0.6060266494750977
0.13048432712186436,0.010322359671801052,1.467765651281118,4.71721714133349,0.369065410185736,0.0019948962564340527,-0.00030008612176006923,-0.00015007670597868644,273645.467592272,120280059874.71844,0.0003723019144672434,0.5070543289184569
0.1671408441425833,0.008548550638991414,2.131660885776496,8.61399303159903,0.4727456972258584,-0.0006913508574735615,-7.440294596594145e-05,-0.0006622864779220359,350519.75557530706,160461022361.38495,0.0003708457779794117,0.5901513099670409
0.16170550488454008,0.00868541561298277,2.770807890037247,11.431378101263624,0.45737223623621126,0.0004765313345120283,-1.1505330256241367e-05,0.0001586993288911983,339121.0229796234,153201930060.91327,0.0004741708335131989,0.614102840423584
0.17515974718715793,0.007978437480138099,2.731172446783879,11.144716600771027,0.4954265801078426,-3.7492659816619744e-05,0.0005003529131116732,-0.0005635999318911939,367336.61413304246,170025727206.31055,0.00046807030457785,0.6287250518798828
0.16755077501505838,0.008091740701302252,2.582945296284167,10.30647827667107,0.4739051568248384,0.00010721349972692948,0.0004712952379317373,0.0003124097601187586,351379.4429243803,159055364869.96863,0.0004141223571423325,0.6094250679016113
0.22724633228392707,0.007843865253535734,2.539157703222044,10.617038790442535,0.6427496902309453,0.0006722178691949981,0.00025531426401544625,0.0007792142972694794,476570.10024190217,261616744656.4592,0.0004245181894475536,0.6093273162841797
0.14669860815078867,0.006253765210553467,3.010889538103754,13.925662939595217,0.41492632245620314,-0.000499647258375662,-0.00012142874126128254,0.00010878661576279904,307649.2794806427,122152429430.4969,0.00032792746105769766,0.6218986511230469
0.19329224395592587,0.008928019626908328,2.544734189205456,9.937767748749105,0.5467130258079985,0.000531034420137315,0.00031240829661072407,-0.00042257075960881274,405363.2159966577,203585182454.34528,0.0007369662657765731,0.6184072494506836
0.23458497009551424,0.01098748656379057,2.43289686459248,7.855233788664232,0.6635064924759262,-0.00046700969698400713,-5.410824897632829e-05,-7.630175357512518e-05,491960.3392057477,290348452299.1155,0.0006028021712154441,0.6267380714416504
0.1306831552731376,0.005728970980496166,2.6879031233411994,11.799940622142117,0.36962778112196054,0.00029037275955198414,0.0001069407940789799,0.0005174890213519217,274062.440447371,100306502096.95604,0.0002702274086914258,0.6035051345825195
0.16378003112615344,0.008061495833822579,2.518604704680452,9.880776665033059,0.46323988252898785,-0.00016878491563902023,0.0002554466700306787,-0.0007185637801560922,343471.619836275,153427587259.17743,0.0003108760274699307,0.6138625144958496
0.2131818296028636,0.010511034867087625,2.08148051309645,6.643082537046793,0.6029692693517598,0.0010339123776512771,0.0005693842759791134,5.977579882700596e-05,447074.7003153044,246103807887.30652,0.0005829089282087807,0.6162490844726562
0.2447264998648266,0.007568600710654339,1.3667421199821568,7.066411026741166,0.6921910703618709,-0.0003240231182925123,0.00021158328806068156,0.0016716741934534249,513228.6686445212,296690724268.06055,0.00041322523657072446,0.5731310844421387
0.15571595997938423,0.007481616773104735,2.5358816446785655,10.015656123848816,0.44043124496158287,-0.0003212442378343465,-3.3493275803480056e-05,0.0003242800575447637,326560.03690268577,139545956248.25385,0.00044457353715188214,0.6104192733764648
0.14175387867437766,0.0027942221421572923,1.4221055473354427,6.899074514099739,0.40094051548059045,-7.1970002456451e-05,-0.0003693911307024615,0.00016010364684235855,297279.4301697286,100664178545.60304,0.0004796085554517049,0.5224766731262207
0.14839699876352375,0.006100707638473229,1.435935121537392,5.85472890141131,0.4197300965336772,-0.0001885078355466564,0.0002810556114345791,-0.00027372354790217737,311211.0627509212,123683521523.21048,0.00043845255277119577,0.5163335800170897
0.14750238950010097,0.006561512590425696,1.509715898267029,5.774994536580676,0.4171997594269636,2.8729312756977288e-05,0.00020199604342269035,-6.032648162070438e-05,309334.93114491587,124545937182.31647,0.0005572164614022768,0.5263986587524414
0.16667067464549812,0.005477517886581998,1.3738292428108076,5.968004722843414,0.471415857067074,0.00011395894837583223,-0.00016696558605393285,-0.0003869073093099765,349533.73867415567,146264212902.1245,0.0003837107924482552,0.5162506103515625
0.15136172934529504,0.006982741749239473,1.1908106568758383,4.565374509359675,0.42811562092872407,-0.0004445782694663144,-0.0006641434831582846,6.721789522196742e-05,317428.55341994425,131471309514.46127,0.0004297887853681459,0.5094962120056152
0.12818539255800873,0.0053696983739678576,1.5447279607895876,6.391261354339401,0.3625630413073103,0.00023704243904859912,0.0002458033769797611,-0.00024424824615941617,268824.252373813,95882661863.6498,0.0004363333250694268,0.5192713737487793
0.15732224675664297,0.005355332757028798,1.8581545246631688,9.861940183008237,0.4449745100525028,0.0002856887478223617,-0.0005115271295824639,-0.00010069562642870985,329928.66443018755,132405926160.53893,0.0003780094857575023,0.5112137794494629
0.12187681957741309,0.008975251120808022,1.044650326023188,1.280433401724438,0.3447197023705529,0.0010294068774296772,-0.00146838556296966,0.0008348496060529277,255594.21593041104,104801975095.2335,0.0004509892628448142,0.5684981346130371
0.1719842163855475,0.007257790718368976,1.4870121381370447,6.102508074172302,0.4864448226531011,-3.820163551592195e-05,0.00032189930420946475,-0.00014354503318137244,360677.04336138384,162008030755.15527,0.0004741510929306969,0.520474910736084
0.10646456200170452,0.0044618952396190655,1.6864031733418652,7.599162836247208,0.3011272549898438,-0.00025768676329015696,0.00035248432523041657,-9.654691745298944e-05,223272.36913099868,69474173608.88713,0.00043551170620048646,0.526432991027832
0.09724737804546944,0.003976366361729685,1.566001961236676,7.576884330009694,0.27505712187425296,0.0006339236683781812,-0.00022701120449228137,-0.00025788272830434714,203942.53336281233,59080801118.51831,0.0004418176035869692,0.5337691307067871
0.1565683068536188,0.007821433665730201,1.5018902015221471,5.606508517525935,0.4428420459803604,-0.0007771662486998048,0.00027149651916278674,-0.0005677495003119921,328347.53785468044,142211134660.62698,0.0005424096061688033,0.5304660797119141
0.12267807997690236,0.005709377420881656,1.4320093497938986,5.817094694314175,0.3469860090184532,-0.0002778670790117102,-9.295746081297408e-05,7.847569637600625e-05,257274.58077972085,91300317361.86554,0.00038733694873371855,0.514981746673584
0.1635986471598128,0.007254850303993539,1.8307294311826088,7.230888211559355,0.4627268511985956,-0.0008843736861110163,0.0001868407699762268,-0.00024272226936822844,343091.23008849553,149618761231.69757,0.0005690585908268986,0.5469241142272949
0.11195077198226976,0.00452834751180042,1.6916221229950992,7.6278493358373956,0.3166446001109275,-3.128235518843994e-05,-0.00018083239822028703,-9.882355657720887e-05,234777.78536416084,75036491475.84033,0.0004321210094531125,0.5228338241577148
0.1573554487281994,0.006488939595788937,1.7075243353148248,7.771827042131229,0.445068419409448,-0.000587589247028128,0.00041020938705247273,9.271833987281273e-05,329998.29401124094,137437532200.3534,0.00045703642263106303,0.5252528190612793
0.09235811936455149,0.007426453637545504,1.6036047934778188,5.119780302395876,0.26122821000124363,0.0015920791076506336,-0.0005251718483715482,0.0007065559489815507,193689.01474160777,70177322942.05733,0.00029646792108906084,0.5841803550720215
0.1250235571229404,0.00592411205479686,2.1723675683190558,9.456492820427192,0.3536200201987795,-0.00033545855587650326,-0.00019308803601927367,-9.091886152593855e-05,262193.40286748874,94799900861.22173,0.0005516529499800528,0.5602397918701172
0.11350848395014018,0.0026235077193341905,1.5149891639337882,5.741020588486169,0.32088542423689,4.777157234654072e-05,-3.1510009669629885e-05,0.00020519638751689576,236184.82113196503,67141996869.815994,0.0005624818921244229,0.536260649913878
0.131084038799064,0.006020747005408266,1.6750406136220135,6.906672844935319,0.37076165096055486,-5.63823049945078e-05,-0.00016052648720219696,3.2192960418939926e-05,274903.1541355348,102051269515.04132,0.0005383319153224875,0.5233640670776367
0.10364901824356063,0.005853565873807704,1.6259090405111245,7.010891885200884,0.2931636946533997,-0.0004402912956913319,0.000107595810782566,0.0002876040909306291,217367.74590751968,72992991929.73352,0.0005846742806170369,0.5317173004150392
0.03200575670551804,0.0002945904634085128,6.836089212310712,259.49513728694654,0.09052595041391447,5.706326154505876e-05,-8.204079760865643e-05,-4.133347450463096e-05,67120.93668649055,5800842701.470192,0.0005915551873840741,0.5087003707885742
0.2010236382001338,0.009148549937495571,1.6532535460133646,7.405665918359326,0.5685807110004228,1.4584599578984004e-05,-7.859413681726089e-05,0.0004179794447827399,421577.12489868706,217963020372.10608,0.0006598740019398974,0.5069169998168945
0.20755413176427495,0.008041098666483226,1.6617792204582,8.177107507648673,0.5870517361352197,6.678019737038048e-05,0.00010818145973880397,9.90092359370888e-05,435272.56253771216,224827329633.716,0.0006459742521656153,0.497591495513916
0.13533714954212675,0.005163398556782243,1.4801077848209487,6.008366846051153,0.3827912647507829,0.0004025345578186495,5.9598269285150576e-05,9.486081336195886e-05,283822.57383657014,103264120427.31087,0.0005071646014584985,0.5317988395690918
0.19525981785719967,0.009386050612478554,1.221690996586536,5.336913945676947,0.5522781652003043,9.038710157088499e-05,5.260662128709983e-06,-0.00036005997456661526,409489.5175388622,208961952123.467,0.0006632244558204548,0.4979410171508789
0.16462049492339323,0.006256432507292928,1.7406877961888134,8.156498599887806,0.4656170731304679,-8.257026845502488e-05,0.00030699573516914253,-2.015599066921912e-05,345234.2001695839,146702734127.3896,0.0004176451766397804,0.5170259475708008
0.14041981289673458,0.005629509825864494,1.8814776248417275,9.16906011018381,0.3971672076489091,0.0004674407933228668,6.459956795011719e-05,-0.000500484957040851,294481.6914560128,111478312651.66331,0.0005924862457504787,0.5151376724243164
0.12104334125275272,0.007899772278664037,1.7840791068171824,7.2906510799320445,0.34236226966919564,-1.0765303633987022e-05,0.0002522717417865466,-0.0017233680505565159,253846.285194893,99181502415.94142,0.0005141814717717352,0.5620226860046387
0.1495186740969433,0.006761265830530324,1.5927901091259231,7.345028974855007,0.4229026734718803,4.4597475028057424e-05,0.0004794127927289651,-0.00061572151628249,313563.3864197531,128058358899.634,0.0005562696546803636,0.5161585807800293
0.13623031081573847,0.006074399507141393,1.0911697384589631,3.8675422325674047,0.3853175063238392,1.0498895464510785e-05,-0.0006576181208580703,-0.00010251041022113073,285695.6687878477,108337506723.57063,0.0004328792533669912,0.5057353973388672
0.17603831861766517,0.00808484963230406,2.099009674483703,10.239742255941968,0.49791155537291626,0.0006637404719207711,5.524622005455128e-06,0.00013104099415524553,369179.1119656736,171850761429.91882,0.0006011021368976799,0.5128750801086426
0.17751178085633204,0.007778235297957924,1.2496564880225218,5.700456927166632,0.5020791359360511,-0.00019792047782268631,-0.0005251961713337294,-0.00025985849155503134,372269.18624641834,172793387643.3004,0.0004937006401632971,0.49788427352905273
0.1557038840060417,0.0075865097857350525,1.7708759471114723,7.539753466530902,0.4403970889510232,-0.0005098790238578934,0.00024069337266389532,-0.00043396405978386656,326534.7117510385,139990740872.9423,0.0005297683974276879,0.5324387550354004
0.20208189803897675,0.008117741721618605,1.2601906252336492,5.293858334232391,0.5715739218336353,0.00040660864286822863,0.0003471043961722807,0.0004837418744640732,423796.456636236,215305642314.23715,0.0006498661036857811,0.5210585594177246
0.13103013375847553,0.004505696546354744,1.8504228217902372,8.541737032541219,0.37060918448159386,-0.0002023974929758466,-6.815194002963328e-05,0.0004999751481080978,274790.10707185464,95325865920.35011,0.00028778284877262195,0.5218119621276855
0.13866796328415215,0.005776743637040475,1.7146899941821612,7.631828766936746,0.392212228686205,-0.00030481089225707007,-0.00018516233735493929,6.696382100055824e-05,290807.7965372864,109975561725.3,0.00044421623852031194,0.5257806777954102
0.15641368173587525,0.005258478188222129,2.1914656114864655,11.650772339635878,0.4424047001031673,-0.00036168086630422423,-0.000105966699541887,-0.00019673965608846424,328023.26547975413,130726294345.4282,0.0005158007561476552,0.5266208648681641
0.1826427739899308,0.004796778961585174,1.5863058895549595,7.332616034029117,0.5165917760920079,6.687676185190689e-05,5.194223085795247e-05,0.000467921681360178,383029.65875853103,167808176465.2131,0.0005924107490500319,0.5408120155334473
0.16311580784823923,0.007632684136032088,1.6375104848562851,7.228423257636934,0.4613611753928472,-0.000944395029295981,0.0005528117789058329,-0.0003525111884788743,342078.6426605505,150586697599.3194,0.0005732963268201273,0.5240683555603027
0.17516434400369385,0.00898442298971769,0.7599933149210869,2.9770110276110806,0.49543958186842063,-0.0013222191585139367,-0.0006355880202118532,0.00040323061323347856,367346.25435603474,174457180773.61893,0.0004552658247121144,0.4782915115356445
0.20555393234262564,0.007373740095540982,1.7979115490978943,8.743053631309078,0.5813943178361259,-0.0005487577564774882,-0.0004877227982503681,-0.00027339716238920786,431077.84032020223,218258156316.11136,0.00042889517135336064,0.5077729225158691
0.18935926202320413,0.007710372012003698,0.7881807635437817,3.525248365220353,0.535588873028352,0.00018699576430917527,2.496214451553685e-05,-0.0001546541071965222,397115.15507048654,191611021113.36343,0.00045720203934251913,0.47499370574951166
0.25542778177541536,0.008925002931896303,0.20102699354813183,2.51444522201542,0.7224588663873358,0.00031297693861095303,-0.0007829153818421603,0.0006280531663432087,535670.8834058759,326195873335.0513,0.0005563392091971764,0.47120857238769526
0.11369843734936556,0.006589425686658367,0.43497419689009714,0.09422909050066595,0.32158774424020087,0.0016559959823445986,0.001265915673688071,-0.0002544990347592965,238442.90528409672,85835619731.70761,0.00040994090113599674,0.4840445518493652
0.2808133224197482,0.010572532883967622,0.714275352272898,2.5524544586095708,0.7942600181221133,0.0005354300028216848,-0.0002720530730463665,-0.0003875818749163503,588908.2207392198,393311383818.0999,0.0005509680108843895,0.5077986717224121
0.307304808518767,0.01182948548219663,0.09491980912306189,2.537342997682064,0.8691892559794148,0.0002263583911237842,-0.00017665694969584247,0.0014768885540335352,644464.8937947494,467361626687.00793,0.0006869708035992517,0.463313102722168
0.13715816513309637,0.004785390002650182,0.2517908145345369,1.7305984381830315,0.3879418746428668,0.00037311012101773144,0.0005443812322229664,-0.0007857523072322517,287641.52032520325,103784012020.42203,0.0005938980975770392,0.4582085609436035
0.20524621340149596,0.007759590295043242,0.9431731487303054,3.952091028275196,0.5805239572362366,-3.14436775227054e-05,-0.0003971494050414182,0.0003239204660040268,430432.50692737434,219399182044.49573,0.0004985680679965299,0.4943079948425293
0.23266732979135407,0.011631795799290856,0.45608938241460023,1.5591863479389392,0.658082586624134,0.00014726299305871902,0.0002958551459146428,0.0005100621944751668,487938.7560065983,289241408546.212,0.00039995430870476406,0.47830390930175776
0.3457281101879296,0.01622417340022268,-0.605781943254155,1.6062602997758324,0.97786676464278,0.00045423665276361536,-0.0008106428590266957,0.002517660840283688,725044.3977368372,597044047907.9688,0.0004750905291075469,0.41918325424194336
0.20643929298455496,0.00918746986115328,1.086091537088132,4.751153188058204,0.5838984958909411,0.0004980675395110312,9.551844984444627e-05,-0.00034461055770490946,432934.5761611453,227839267004.5488,0.0005202199254199513,0.4887604713439941
0.18197818490432843,0.014679878729576084,0.5401458735819724,0.6840158824026532,0.5147120342954802,0.0012800072247182088,0.0011175019406212256,0.001569059783073563,381635.91442848224,210208760611.7056,0.000782212163812801,0.5042109489440918
0.2903253870377992,0.013187068101546144,-0.5743550016212601,1.3890972146904836,0.8211641997001469,-0.000519611819217153,-0.002948465029843564,0.0013262595590393853,608856.4660770944,428703535139.58417,0.0007844586330065794,0.4211325645446777
0.23240755726642007,0.01128855295667803,0.17139254097287795,1.8508773282098847,0.6573478389683464,0.001283653165018512,-4.70891465375061e-07,0.0007737905064735277,487393.9735363874,287200466386.11945,0.00046374379144253913,0.45260906219482416
0.1383177694582862,0.010075641150133947,0.7178731323640438,1.3166323159741216,0.39122173097020657,0.0010896852522869168,0.0008758188119751316,0.0012534380323275844,290073.3868549836,128455708169.00352,0.0004726653419311333,0.49427175521850586
0.21749143346674135,0.009285480346435416,0.6677575539554139,2.6013995574279223,0.6151586698172631,0.0006553680900231473,7.400931862346091e-05,-0.0005600658551149811,456112.59467764373,248876673465.1376,0.00038448917621281,0.4865403175354004
0.17494004826390255,0.007007808691293915,0.12186793100746227,1.7404689928475499,0.49480517771402965,0.0007740924596135589,0.000975278397850536,-0.001041129575150772,366875.8720967398,165418574091.97284,0.0004500753038882976,0.42756128311157227
0.15973837035915459,0.007524516007665954,0.9704620747190835,3.588457751316577,0.4518083395865859,0.0007045526422766105,0.0006208575570500377,-5.604485224852066e-05,334995.64287544193,145315252120.79205,0.0004941514048368845,0.5021858215332031
0.19339266777155756,0.00884631257460861,0.9563901285393833,3.1678858005466086,0.5469970672521016,-6.381257606314364e-05,0.0005197857368505907,0.0004540118383685752,405573.82000245736,203396617626.27863,0.00032022385403251974,0.5194058418273926
0.1547217798464652,0.009559362339691428,1.3026405421422116,4.962124383219753,0.43761927890675034,0.0010173747184871386,-4.468983260512969e-05,0.0005889709901905733,324475.0900485739,147326604248.48892,0.0004237704324623337,0.5014023780822754
0.2064891301263914,0.009213658692303534,0.9359251575622701,3.491143596895624,0.5840394566147311,-0.0007967871491418874,-9.3406534596563e-05,-0.0008732221685969727,433039.09222282184,228044954859.35425,0.0005156492848072958,0.5153408050537108
0.15709548816458027,0.014562708316453983,0.6889073016020271,0.8261789641105137,0.44433313989994255,0.00027051941910830133,0.00021486150963495864,-0.0003969349045048139,329453.11719532555,172586824933.1228,0.00036808191680393065,0.5027265548706055
0.23627216061808287,0.0063316459779053005,1.0434844373037415,4.622492446442313,0.6682785879145747,-0.0001832965324862528,-0.00012788241247157266,-0.00012021568649026835,495498.6341845338,273365769981.41064,0.0007739204797871935,0.5118470191955566
0.16976475229194335,0.006098313589021153,1.0329511404660494,4.521044710347479,0.4801672302083507,-0.00043228263496260553,1.9382847980673247e-05,0.0003779608042620356,356022.4897985537,153572680046.17404,0.000373525753730064,0.4931602478027344
0.15360858939675723,0.011122491890618036,0.8273706643157424,1.7437861091711904,0.4344707008437883,0.0009982109582524026,0.0005575335064632708,-0.0005946857253367964,322140.5604705883,152691777354.61996,0.0004952140388922999,0.5187540054321289
0.09382002469128028,0.00689877988615733,0.9499560664016349,1.0957145140722062,0.26536310268117463,-0.0007891765965272537,0.0005563775213726337,-0.0009314974180727632,196754.85242136795,69053626760.54294,0.0004454785489542701,0.5588512420654297
0.07189792840716823,0.001455592694337919,0.6514983300912308,3.2533726015776727,0.20335805091989437,7.746167631623763e-05,0.0001003472531811175,-0.0003682362191568384,150780.88435494967,29136639457.782036,0.0004822683058591792,0.47631025314331055
0.2315274074458432,0.010902885688173785,0.3576255121843897,1.8220244347507728,0.6548583993419858,-0.00038404835082063617,-2.993891841918685e-05,0.0008398440608935539,485548.1655798648,283708419459.8102,0.0004994590863134363,0.47353363037109375
0.19596190838781688,0.009379160172725096,0.8811024590042205,4.212369959815856,0.5542639771011294,0.00011746515455613048,-0.00030298593751620977,0.0010565316036701292,410961.90809932706,210139672583.3789,0.0005422527992777759,0.4844818115234375
0.19314332651109273,0.012201209165905556,0.272147327983498,1.1006905466483357,0.5462918236676845,-0.0008054150021977024,-4.544338446752242e-05,-0.001029084282703669,405050.913479391,217727727913.8502,0.0004496361466408416,0.4530701637268066
0.12290922645845088,0.003555755411270047,1.019458549361442,4.482074563717297,0.3476397899966546,-0.00017322606013357543,0.00011394742781017249,0.000362736039660525,257759.3300857932,82078249927.15228,0.0003785812978094327,0.492680549621582
0.1350423523519773,0.003928047801668858,-0.208510243926762,0.8511374975261363,0.3819574523818652,-0.0006370228191910426,0.001083203217384691,-0.00022416393751278785,283204.33931965404,97480434739.06116,0.0006831925184087594,0.4329023361206055
0.2057165435969536,0.009880402265496606,0.9152106418233416,3.5572924986327727,0.5818542519186557,0.0002597031502136912,0.00017588664686982153,0.0006624232222413936,431418.8608374384,229576702198.34415,0.0005845129071531119,0.5034441947937012
0.2724436887675698,0.009932385545641827,0.03485009951492972,1.942836094207352,0.7705871192761033,-0.0001943622837204948,-0.0008945712755423043,0.0026261665061658606,571355.8267862864,370130574398.5911,0.0008758228882470575,0.47368001937866205
0.22622842094140372,0.010527236438214111,1.1354960976351471,4.52180709494597,0.6398706021791655,-0.0005406317487228956,0.00010136743474832704,-0.0007063093267646159,474435.38543410663,271388210440.66388,0.0004702174082922284,0.501866340637207
0.230799468960776,0.01156328635525938,0.08586496546546364,1.2232477825706896,0.652799478385675,0.0018461222057262736,-0.0003484349187167217,4.1414719387295536e-05,484021.5679300291,285132749433.0884,0.00047963459564925865,0.4564557075500488
0.22217730504579208,0.01186180366032022,0.3082032746535044,2.2627722463583817,0.6284123160945273,-0.000442339474162364,-0.0005300386913198608,0.001310681415310427,465939.5796313932,269268456070.75153,0.00047458921608267696,0.45211124420166016
0.08056030207874161,0.002310668460446155,0.5593306651587497,3.516518058358767,0.2278589435772598,0.0009640836071399072,0.00015716084072923384,8.001124582914376e-05,168947.1986250372,38705583284.031075,0.0003148360106024484,0.446042537689209
0.20862232675736256,0.007706594363560976,0.6677359319394941,2.9189449776034007,0.5900730478281873,0.0010163594821085782,-0.0009248039727625084,0.00029044816885921124,437512.72980385635,225311349193.5752,0.00040359680815527094,0.4891886711120605
